  0.01   0.01   0.01   0.01   0.01   0.01   0.01   0.01   0.01   0.01   0.01   0.01   0.01   0.01   0.01   0.01   0.01   0.01   0.01   0.01   0.01   0.01   0.01   0.01   0.01   0.01   0.01   0.01   0.01   0.01   0.01   0.01   0.01   0.01   0.01   0.01   0.01   0.01   0.01   0.01   0.01   0.01   0.01   0.01   0.01   0.01   0.01   0.01   0.01   0.01   0.01   0.01   0.01   0.01   0.01   0.01   0.01   0.01   0.01   0.01   0.01   0.01   0.01   0.15   0.15   0.01   0.01   0.01   0.01   0.01   0.01   0.01   0.01   0.01   0.01   0.01   0.01   0.01   0.01   0.01   0.01
  0.01   0.01   0.01   0.01   0.01   0.01   0.01   0.01   0.01   0.01   0.01   0.01   0.01   0.01   0.01   0.01   0.01   0.01   0.01   0.01   0.01   0.01   0.01   0.01   0.01   0.01   0.01   0.01   0.01   0.01   0.01   0.01   0.01   0.01   0.01   0.01   0.01   0.01   0.01   0.01   0.01   0.01   0.01   0.01   0.01   0.01   0.01   0.01   0.01   0.01   0.01   0.01   0.01   0.01   0.01   0.01   0.01   0.01   0.01   0.01   0.01   0.01   0.15   0.15   0.15   0.01   0.01   0.01   0.01   0.01   0.01   0.01   0.01   0.01   0.01   0.01   0.01   0.01   0.01   0.01   0.01
  0.01   0.01   0.01   0.01   0.01   0.01   0.01   0.01   0.01   0.01   0.01   0.01   0.01   0.01   0.01   0.01   0.01   0.01   0.01   0.01   0.01   0.01   0.01   0.01   0.01   0.01   0.01   0.01   0.01   0.01   0.01   0.01   0.01   0.01   0.01   0.01   0.01   0.01   0.01   0.01   0.01   0.01   0.01   0.01   0.01   0.01   0.01   0.01   0.01   0.01   0.01   0.01   0.01   0.01   0.01   0.01   0.01   0.01   0.01   0.01   0.01   0.01   0.15   0.15   0.20   0.01   0.01   0.01   0.01   0.01   0.01   0.01   0.01   0.01   0.01   0.01   0.01   0.01   0.01   0.01   0.01
  0.01   0.01   0.01   0.01   0.01   0.01   0.01   0.01   0.01   0.01   0.01   0.01   0.01   0.01   0.01   0.01   0.01   0.01   0.01   0.01   0.01   0.01   0.01   0.01   0.01   0.01   0.01   0.01   0.01   0.01   0.01   0.01   0.01   0.01   0.01   0.01   0.01   0.01   0.01   0.01   0.01   0.01   0.01   0.01   0.01   0.01   0.01   0.01   0.01   0.01   0.01   0.01   0.01   0.01   0.01   0.01   0.01   0.01   0.01   0.01   0.01   0.15   0.15   0.15   0.20   0.01   0.01   0.01   0.01   0.01   0.01   0.01   0.01   0.01   0.01   0.01   0.01   0.01   0.01   0.01   0.01
  0.01   0.01   0.01   0.01   0.01   0.01   0.01   0.01   0.01   0.01   0.01   0.01   0.01   0.01   0.01   0.01   0.01   0.01   0.01   0.01   0.01   0.01   0.01   0.01   0.01   0.01   0.01   0.01   0.01   0.01   0.01   0.01   0.01   0.01   0.01   0.01   0.01   0.01   0.01   0.01   0.01   0.01   0.01   0.01   0.01   0.01   0.01   0.01   0.01   0.01   0.01   0.01   0.01   0.01   0.01   0.01   0.01   0.01   0.01   0.01   0.01   0.15   0.15   0.15   0.20   0.15   0.01   0.01   0.01   0.01   0.01   0.01   0.01   0.01   0.01   0.01   0.01   0.01   0.01   0.01   0.01
  0.01   0.01   0.01   0.01   0.01   0.01   0.01   0.01   0.01   0.01   0.01   0.01   0.01   0.01   0.01   0.01   0.01   0.01   0.01   0.01   0.01   0.01   0.01   0.01   0.01   0.01   0.01   0.01   0.01   0.01   0.01   0.01   0.01   0.01   0.01   0.01   0.01   0.01   0.01   0.01   0.01   0.01   0.01   0.01   0.01   0.01   0.01   0.01   0.01   0.01   0.01   0.01   0.01   0.01   0.01   0.01   0.01   0.01   0.01   0.01   0.01   0.15   0.15   0.15   0.20   0.20   0.15   0.01   0.01   0.01   0.01   0.01   0.01   0.01   0.01   0.01   0.01   0.01   0.01   0.01   0.01
  0.01   0.01   0.01   0.01   0.01   0.01   0.01   0.01   0.01   0.01   0.01   0.01   0.01   0.01   0.01   0.01   0.01   0.01   0.01   0.01   0.01   0.01   0.01   0.01   0.01   0.01   0.01   0.01   0.01   0.01   0.01   0.01   0.01   0.01   0.01   0.01   0.01   0.01   0.01   0.01   0.01   0.01   0.01   0.01   0.01   0.01   0.01   0.01   0.01   0.01   0.01   0.01   0.01   0.01   0.01   0.01   0.01   0.01   0.01   0.01   0.15   0.15   0.15   0.15   0.20   0.20   0.20   0.15   0.01   0.01   0.01   0.01   0.01   0.01   0.01   0.01   0.01   0.01   0.01   0.01   0.01
  0.01   0.01   0.01   0.01   0.01   0.01   0.01   0.01   0.01   0.01   0.01   0.01   0.01   0.01   0.01   0.01   0.01   0.01   0.01   0.01   0.01   0.01   0.01   0.01   0.01   0.01   0.01   0.01   0.01   0.01   0.01   0.01   0.01   0.01   0.01   0.01   0.01   0.01   0.01   0.01   0.01   0.01   0.01   0.01   0.01   0.01   0.01   0.01   0.01   0.01   0.01   0.01   0.01   0.01   0.01   0.01   0.01   0.01   0.01   0.01   0.15   0.15   0.15   0.15   0.20   0.20   0.20   0.15   0.15   0.15   0.15   0.01   0.01   0.01   0.01   0.01   0.01   0.01   0.01   0.01   0.01
  0.01   0.01   0.01   0.01   0.01   0.01   0.01   0.01   0.01   0.01   0.01   0.01   0.01   0.01   0.01   0.01   0.01   0.01   0.01   0.01   0.01   0.01   0.01   0.01   0.01   0.01   0.01   0.01   0.01   0.01   0.01   0.01   0.01   0.01   0.01   0.01   0.01   0.01   0.01   0.01   0.01   0.01   0.01   0.01   0.01   0.01   0.01   0.01   0.10   0.10   0.01   0.01   0.01   0.01   0.01   0.01   0.01   0.01   0.15   0.15   0.15   0.15   0.15   0.15   0.20   0.20   0.20   0.15   0.15   0.15   0.15   0.15   0.15   0.15   0.15   0.01   0.01   0.01   0.01   0.01   0.01
  0.01   0.01   0.01   0.01   0.01   0.01   0.01   0.01   0.01   0.01   0.01   0.01   0.01   0.01   0.01   0.01   0.01   0.01   0.01   0.01   0.01   0.01   0.01   0.01   0.01   0.01   0.01   0.01   0.01   0.01   0.01   0.01   0.01   0.01   0.01   0.01   0.01   0.01   0.01   0.01   0.01   0.01   0.01   0.01   0.01   0.01   0.01   0.10   0.10   0.10   0.10   0.10   0.10   0.01   0.01   0.01   0.10   0.15   0.15   0.15   0.15   0.15   0.15   0.15   0.20   0.20   0.20   0.15   0.15   0.15   0.15   0.15   0.15   0.15   0.15   0.15   0.01   0.01   0.01   0.01   0.01
  0.01   0.01   0.01   0.01   0.01   0.01   0.01   0.01   0.01   0.01   0.01   0.01   0.01   0.01   0.01   0.01   0.01   0.01   0.01   0.01   0.01   0.01   0.01   0.01   0.01   0.01   0.01   0.01   0.01   0.01   0.01   0.01   0.01   0.01   0.01   0.01   0.01   0.01   0.01   0.01   0.01   0.01   0.01   0.01   0.01   0.01   0.10   0.10   0.10   0.10   0.10   0.10   0.10   0.10   0.10   0.10   0.10   0.15   0.15   0.15   0.15   0.15   0.15   0.15   0.20   0.20   0.20   0.15   0.15   0.15   0.15   0.15   0.15   0.15   0.15   0.15   0.01   0.01   0.01   0.01   0.01
  0.01   0.01   0.01   0.01   0.01   0.01   0.01   0.01   0.01   0.01   0.01   0.01   0.01   0.01   0.01   0.01   0.01   0.01   0.01   0.01   0.01   0.01   0.01   0.01   0.01   0.01   0.01   0.01   0.01   0.01   0.01   0.01   0.01   0.01   0.01   0.01   0.01   0.01   0.01   0.01   0.01   0.01   0.01   0.01   0.01   0.01   0.10   0.10   0.10   0.15   0.15   0.15   0.15   0.15   0.15   0.15   0.15   0.15   0.15   0.15   0.15   0.15   0.15   0.15   0.20   0.20   0.20   0.15   0.15   0.15   0.15   0.15   0.15   0.15   0.15   0.15   0.15   0.01   0.01   0.01   0.01
  0.01   0.01   0.01   0.01   0.01   0.01   0.01   0.01   0.01   0.01   0.01   0.01   0.01   0.01   0.01   0.01   0.01   0.01   0.01   0.01   0.01   0.01   0.01   0.01   0.01   0.01   0.01   0.01   0.01   0.01   0.01   0.01   0.01   0.01   0.01   0.01   0.01   0.01   0.01   0.01   0.01   0.01   0.01   0.01   0.10   0.10   0.10   0.10   0.10   0.15   0.15   0.15   0.15   0.15   0.15   0.15   0.15   0.15   0.15   0.15   0.15   0.15   0.15   0.15   0.20   0.20   0.20   0.15   0.15   0.15   0.15   0.15   0.15   0.15   0.15   0.15   0.15   0.15   0.01   0.01   0.01
  0.01   0.01   0.01   0.01   0.01   0.01   0.01   0.01   0.01   0.01   0.01   0.01   0.01   0.01   0.01   0.01   0.01   0.01   0.01   0.01   0.01   0.01   0.01   0.01   0.01   0.01   0.01   0.01   0.01   0.01   0.01   0.01   0.01   0.01   0.01   0.01   0.01   0.01   0.01   0.01   0.01   0.10   0.10   0.10   0.10   0.10   0.10   0.10   0.10   0.15   0.15   0.15   0.15   0.15   0.15   0.15   0.15   0.15   0.15   0.15   0.15   0.15   0.15   0.15   0.20   0.20   0.20   0.15   0.15   0.15   0.15   0.15   0.15   0.15   0.15   0.15   0.15   0.15   0.15   0.01   0.01
  0.01   0.01   0.01   0.01   0.01   0.01   0.01   0.01   0.01   0.01   0.01   0.01   0.01   0.01   0.01   0.01   0.01   0.01   0.01   0.01   0.01   0.01   0.01   0.01   0.01   0.01   0.01   0.01   0.01   0.01   0.01   0.01   0.01   0.01   0.01   0.01   0.01   0.01   0.01   0.01   0.10   0.10   0.10   0.10   0.10   0.10   0.10   0.10   0.10   0.10   0.10   0.15   0.15   0.15   0.15   0.15   0.15   0.15   0.15   0.15   0.15   0.15   0.15   0.15   0.20   0.20   0.20   0.15   0.15   0.15   0.15   0.15   0.15   0.15   0.15   0.15   0.15   0.15   0.15   0.15   0.01
  0.01   0.01   0.01   0.01   0.01   0.01   0.01   0.01   0.01   0.01   0.01   0.01   0.01   0.01   0.01   0.01   0.01   0.01   0.01   0.01   0.01   0.01   0.01   0.01   0.01   0.01   0.01   0.01   0.01   0.01   0.01   0.01   0.01   0.01   0.01   0.01   0.01   0.01   0.01   0.10   0.10   0.10   0.10   0.10   0.10   0.10   0.10   0.10   0.10   0.10   0.10   0.10   0.15   0.15   0.15   0.15   0.15   0.15   0.15   0.15   0.15   0.15   0.15   0.15   0.20   0.20   0.20   0.15   0.15   0.15   0.15   0.15   0.15   0.15   0.15   0.15   0.15   0.15   0.15   0.15   0.01
  0.01   0.01   0.01   0.01   0.01   0.01   0.01   0.01   0.01   0.01   0.01   0.01   0.01   0.01   0.01   0.01   0.01   0.01   0.01   0.01   0.01   0.01   0.01   0.01   0.01   0.01   0.01   0.01   0.01   0.01   0.01   0.01   0.01   0.01   0.01   0.01   0.01   0.01   0.01   0.10   0.10   0.10   0.10   0.10   0.10   0.10   0.10   0.10   0.10   0.10   0.10   0.10   0.15   0.15   0.15   0.15   0.15   0.15   0.15   0.15   0.15   0.15   0.15   0.15   0.20   0.20   0.20   0.20   0.20   0.20   0.20   0.20   0.20   0.20   0.20   0.20   0.20   0.15   0.15   0.15   0.01
  0.01   0.01   0.01   0.01   0.01   0.01   0.01   0.01   0.01   0.01   0.01   0.01   0.01   0.01   0.01   0.01   0.01   0.01   0.01   0.01   0.01   0.01   0.01   0.01   0.01   0.01   0.01   0.01   0.01   0.01   0.01   0.01   0.01   0.01   0.01   0.01   0.01   0.01   0.01   0.10   0.10   0.10   0.10   0.10   0.10   0.10   0.10   0.10   0.10   0.10   0.10   0.10   0.15   0.15   0.15   0.15   0.15   0.15   0.15   0.15   0.15   0.15   0.15   0.15   0.20   0.20   0.20   0.20   0.20   0.20   0.20   0.20   0.20   0.20   0.20   0.20   0.20   0.15   0.15   0.15   0.01
  0.01   0.01   0.01   0.01   0.01   0.01   0.01   0.01   0.01   0.01   0.01   0.01   0.01   0.01   0.01   0.01   0.01   0.01   0.01   0.01   0.01   0.01   0.01   0.01   0.01   0.01   0.01   0.01   0.01   0.01   0.01   0.01   0.01   0.01   0.10   0.10   0.10   0.10   0.10   0.10   0.10   0.10   0.10   0.10   0.10   0.10   0.10   0.10   0.10   0.10   0.10   0.10   0.15   0.15   0.15   0.15   0.15   0.15   0.15   0.15   0.15   0.15   0.15   0.15   0.20   0.20   0.20   0.20   0.20   0.20   0.20   0.20   0.20   0.20   0.20   0.20   0.20   0.15   0.15   0.15   0.15
  0.01   0.01   0.01   0.01   0.01   0.01   0.01   0.01   0.01   0.01   0.01   0.01   0.01   0.01   0.01   0.01   0.01   0.01   0.01   0.01   0.01   0.01   0.01   0.01   0.01   0.01   0.01   0.01   0.01   0.01   0.01   0.01   0.10   0.10   0.10   0.10   0.10   0.10   0.10   0.10   0.10   0.10   0.10   0.10   0.10   0.10   0.10   0.10   0.10   0.10   0.10   0.10   0.15   0.15   0.15   0.15   0.15   0.15   0.15   0.15   0.15   0.15   0.15   0.15   0.20   0.20   0.20   0.20   0.20   0.20   0.20   0.20   0.20   0.20   0.20   0.20   0.20   0.15   0.15   0.15   0.15
  0.01   0.01   0.01   0.01   0.01   0.01   0.01   0.01   0.01   0.01   0.01   0.01   0.01   0.01   0.01   0.01   0.01   0.01   0.01   0.01   0.01   0.01   0.01   0.01   0.01   0.01   0.01   0.01   0.01   0.10   0.10   0.10   0.10   0.10   0.10   0.10   0.10   0.10   0.10   0.10   0.10   0.10   0.10   0.10   0.10   0.10   0.10   0.10   0.10   0.10   0.10   0.10   0.20   0.15   0.15   0.15   0.15   0.15   0.15   0.15   0.15   0.15   0.15   0.15   0.15   0.20   0.20   0.20   0.20   0.20   0.20   0.20   0.20   0.20   0.20   0.20   0.20   0.15   0.15   0.15   0.15
  0.01   0.01   0.01   0.01   0.01   0.01   0.01   0.01   0.01   0.01   0.01   0.01   0.01   0.01   0.01   0.01   0.01   0.01   0.01   0.01   0.01   0.01   0.01   0.01   0.01   0.01   0.01   0.10   0.10   0.10   0.10   0.10   0.10   0.10   0.10   0.10   0.10   0.10   0.10   0.10   0.10   0.10   0.10   0.10   0.10   0.10   0.10   0.10   0.10   0.10   0.10   0.15   0.20   0.15   0.15   0.15   0.15   0.15   0.15   0.15   0.15   0.15   0.15   0.15   0.15   0.15   0.20   0.20   0.20   0.20   0.20   0.20   0.20   0.20   0.20   0.20   0.20   0.15   0.15   0.15   0.15
  0.01   0.01   0.01   0.01   0.01   0.01   0.01   0.01   0.01   0.01   0.01   0.01   0.01   0.01   0.01   0.01   0.01   0.01   0.01   0.01   0.01   0.01   0.01   0.01   0.10   0.10   0.10   0.10   0.10   0.10   0.10   0.10   0.10   0.10   0.10   0.10   0.10   0.10   0.10   0.10   0.10   0.10   0.10   0.10   0.10   0.10   0.10   0.10   0.15   0.15   0.15   0.15   0.20   0.20   0.20   0.15   0.15   0.15   0.15   0.15   0.15   0.15   0.15   0.15   0.15   0.15   0.15   0.15   0.20   0.20   0.20   0.20   0.20   0.20   0.20   0.20   0.20   0.15   0.15   0.15   0.15
  0.01   0.01   0.01   0.01   0.01   0.01   0.01   0.01   0.01   0.01   0.01   0.01   0.01   0.01   0.01   0.01   0.01   0.01   0.01   0.01   0.01   0.01   0.10   0.10   0.10   0.10   0.10   0.10   0.10   0.10   0.10   0.10   0.10   0.10   0.10   0.10   0.10   0.10   0.10   0.10   0.10   0.10   0.10   0.15   0.15   0.15   0.15   0.15   0.15   0.15   0.15   0.15   0.20   0.20   0.20   0.15   0.15   0.15   0.15   0.15   0.15   0.15   0.15   0.15   0.15   0.15   0.15   0.15   0.15   0.20   0.20   0.20   0.20   0.20   0.20   0.20   0.15   0.15   0.15   0.15   0.15
  0.01   0.01   0.01   0.01   0.01   0.01   0.01   0.01   0.01   0.01   0.01   0.01   0.01   0.01   0.01   0.01   0.01   0.01   0.01   0.01   0.10   0.10   0.10   0.10   0.10   0.10   0.10   0.10   0.10   0.10   0.10   0.10   0.10   0.10   0.10   0.10   0.10   0.10   0.10   0.10   0.10   0.10   0.15   0.15   0.15   0.15   0.15   0.15   0.15   0.15   0.15   0.15   0.20   0.20   0.20   0.20   0.15   0.15   0.15   0.15   0.15   0.15   0.15   0.15   0.15   0.15   0.15   0.15   0.15   0.20   0.20   0.20   0.20   0.20   0.15   0.15   0.15   0.15   0.15   0.15   0.01
  0.01   0.01   0.01   0.01   0.01   0.01   0.01   0.01   0.01   0.01   0.01   0.01   0.01   0.01   0.01   0.01   0.01   0.01   0.10   0.10   0.10   0.10   0.10   0.10   0.10   0.10   0.10   0.15   0.15   0.15   0.15   0.15   0.15   0.15   0.15   0.15   0.15   0.15   0.15   0.15   0.15   0.15   0.15   0.15   0.15   0.15   0.15   0.15   0.15   0.15   0.15   0.15   0.20   0.20   0.20   0.20   0.15   0.15   0.15   0.15   0.15   0.15   0.15   0.15   0.15   0.15   0.15   0.15   0.15   0.15   0.20   0.20   0.20   0.20   0.15   0.15   0.15   0.15   0.15   0.01   0.01
  0.01   0.01   0.01   0.01   0.01   0.01   0.01   0.01   0.01   0.01   0.01   0.01   0.01   0.01   0.01   0.01   0.01   0.10   0.10   0.10   0.10   0.10   0.10   0.10   0.10   0.15   0.15   0.15   0.15   0.15   0.15   0.15   0.15   0.15   0.15   0.15   0.15   0.15   0.15   0.15   0.15   0.15   0.15   0.15   0.15   0.15   0.15   0.15   0.15   0.15   0.15   0.15   0.15   0.20   0.20   0.20   0.15   0.15   0.15   0.15   0.15   0.15   0.15   0.15   0.15   0.15   0.15   0.15   0.15   0.15   0.15   0.20   0.20   0.20   0.15   0.15   0.01   0.01   0.01   0.01   0.01
  0.01   0.01   0.01   0.01   0.01   0.01   0.01   0.01   0.01   0.01   0.01   0.01   0.01   0.01   0.01   0.01   0.10   0.10   0.10   0.10   0.10   0.10   0.10   0.10   0.10   0.15   0.15   0.15   0.15   0.15   0.15   0.15   0.15   0.15   0.15   0.15   0.15   0.15   0.15   0.15   0.15   0.15   0.15   0.15   0.15   0.15   0.15   0.15   0.15   0.15   0.15   0.15   0.15   0.20   0.20   0.20   0.20   0.15   0.15   0.15   0.15   0.15   0.15   0.15   0.15   0.15   0.15   0.15   0.15   0.15   0.15   0.20   0.20   0.20   0.15   0.15   0.01   0.01   0.01   0.01   0.01
  0.01   0.01   0.01   0.01   0.01   0.01   0.01   0.01   0.01   0.01   0.01   0.10   0.10   0.10   0.10   0.10   0.10   0.10   0.10   0.10   0.10   0.10   0.10   0.10   0.15   0.15   0.15   0.15   0.15   0.20   0.20   0.20   0.20   0.20   0.20   0.15   0.15   0.15   0.15   0.15   0.15   0.15   0.15   0.20   0.20   0.20   0.20   0.15   0.15   0.15   0.15   0.15   0.15   0.20   0.20   0.20   0.20   0.15   0.15   0.15   0.15   0.15   0.15   0.15   0.15   0.15   0.15   0.15   0.15   0.15   0.15   0.20   0.20   0.20   0.15   0.15   0.01   0.01   0.01   0.01   0.01
  0.01   0.01   0.01   0.01   0.01   0.01   0.01   0.01   0.01   0.01   0.01   0.10   0.10   0.10   0.10   0.10   0.10   0.20   0.20   0.20   0.20   0.20   0.20   0.20   0.20   0.20   0.20   0.20   0.20   0.20   0.20   0.20   0.20   0.20   0.20   0.20   0.20   0.20   0.20   0.20   0.20   0.20   0.20   0.20   0.20   0.20   0.20   0.20   0.15   0.15   0.15   0.15   0.15   0.20   0.20   0.20   0.20   0.20   0.20   0.20   0.15   0.15   0.15   0.15   0.15   0.15   0.15   0.15   0.15   0.15   0.15   0.20   0.20   0.20   0.15   0.15   0.01   0.01   0.01   0.01   0.01
  0.01   0.01   0.01   0.01   0.01   0.01   0.01   0.01   0.01   0.01   0.10   0.10   0.10   0.10   0.10   0.10   0.10   0.20   0.20   0.20   0.20   0.20   0.20   0.20   0.20   0.20   0.20   0.20   0.20   0.20   0.20   0.20   0.20   0.20   0.20   0.20   0.20   0.20   0.20   0.20   0.20   0.20   0.20   0.20   0.20   0.20   0.20   0.20   0.20   0.15   0.15   0.15   0.15   0.20   0.20   0.20   0.20   0.20   0.20   0.20   0.15   0.15   0.15   0.15   0.15   0.15   0.15   0.15   0.15   0.15   0.15   0.20   0.20   0.20   0.15   0.15   0.01   0.01   0.01   0.01   0.01
  0.01   0.01   0.01   0.01   0.01   0.01   0.01   0.01   0.01   0.10   0.10   0.10   0.10   0.10   0.10   0.10   0.10   0.10   0.10   0.10   0.10   0.10   0.10   0.10   0.10   0.10   0.10   0.10   0.10   0.20   0.20   0.20   0.20   0.20   0.20   0.20   0.20   0.20   0.20   0.20   0.20   0.20   0.20   0.20   0.20   0.20   0.20   0.20   0.20   0.20   0.20   0.20   0.20   0.20   0.20   0.20   0.20   0.20   0.20   0.20   0.15   0.15   0.15   0.15   0.15   0.15   0.15   0.15   0.15   0.15   0.15   0.20   0.20   0.20   0.15   0.15   0.01   0.01   0.01   0.01   0.01
  0.01   0.01   0.01   0.01   0.01   0.01   0.01   0.01   0.10   0.10   0.10   0.10   0.10   0.10   0.10   0.10   0.10   0.10   0.10   0.10   0.10   0.10   0.10   0.10   0.10   0.10   0.10   0.10   0.10   0.20   0.20   0.20   0.20   0.20   0.20   0.20   0.20   0.20   0.20   0.20   0.20   0.15   0.15   0.15   0.15   0.15   0.20   0.20   0.20   0.20   0.20   0.20   0.20   0.20   0.20   0.20   0.20   0.20   0.20   0.20   0.15   0.15   0.15   0.15   0.15   0.15   0.15   0.15   0.15   0.15   0.15   0.20   0.20   0.20   0.15   0.15   0.01   0.01   0.01   0.01   0.01
  0.01   0.01   0.01   0.01   0.01   0.01   0.10   0.10   0.10   0.10   0.10   0.10   0.10   0.10   0.10   0.10   0.10   0.10   0.10   0.10   0.10   0.10   0.10   0.10   0.10   0.10   0.10   0.10   0.10   0.20   0.20   0.20   0.20   0.20   0.20   0.20   0.20   0.20   0.20   0.20   0.20   0.15   0.15   0.15   0.15   0.15   0.20   0.20   0.20   0.20   0.20   0.20   0.20   0.20   0.20   0.20   0.20   0.20   0.20   0.20   0.15   0.15   0.15   0.15   0.15   0.15   0.15   0.15   0.15   0.15   0.20   0.20   0.20   0.20   0.15   0.15   0.01   0.01   0.01   0.01   0.01
  0.01   0.01   0.01   0.01   0.01   0.10   0.10   0.10   0.10   0.10   0.10   0.10   0.10   0.10   0.10   0.10   0.10   0.10   0.10   0.10   0.10   0.10   0.10   0.10   0.10   0.20   0.20   0.20   0.20   0.20   0.20   0.20   0.20   0.20   0.20   0.20   0.20   0.20   0.20   0.20   0.20   0.15   0.15   0.15   0.15   0.15   0.20   0.20   0.20   0.20   0.20   0.20   0.20   0.20   0.20   0.20   0.20   0.20   0.20   0.20   0.15   0.15   0.15   0.15   0.15   0.15   0.15   0.15   0.15   0.15   0.20   0.20   0.20   0.20   0.15   0.15   0.01   0.01   0.01   0.01   0.01
  0.01   0.01   0.01   0.01   0.01   0.10   0.10   0.10   0.10   0.10   0.10   0.10   0.10   0.10   0.20   0.20   0.20   0.20   0.20   0.20   0.20   0.20   0.20   0.20   0.20   0.20   0.20   0.20   0.20   0.20   0.20   0.20   0.20   0.20   0.20   0.20   0.20   0.20   0.20   0.20   0.20   0.15   0.15   0.15   0.15   0.15   0.20   0.20   0.20   0.15   0.15   0.20   0.20   0.20   0.20   0.20   0.20   0.20   0.20   0.20   0.20   0.20   0.20   0.20   0.20   0.15   0.15   0.15   0.15   0.15   0.20   0.20   0.20   0.20   0.15   0.15   0.01   0.01   0.01   0.01   0.01
  0.01   0.01   0.01   0.01   0.01   0.10   0.10   0.10   0.10   0.10   0.10   0.10   0.10   0.20   0.20   0.20   0.20   0.20   0.20   0.20   0.20   0.20   0.20   0.20   0.20   0.20   0.20   0.20   0.20   0.20   0.20   0.20   0.20   0.20   0.20   0.20   0.20   0.20   0.20   0.20   0.15   0.15   0.15   0.15   0.15   0.15   0.20   0.20   0.15   0.15   0.15   0.20   0.20   0.20   0.20   0.20   0.20   0.20   0.20   0.20   0.20   0.20   0.20   0.20   0.20   0.20   0.20   0.20   0.15   0.15   0.20   0.20   0.20   0.20   0.15   0.10   0.01   0.01   0.01   0.01   0.01
  0.01   0.01   0.01   0.01   0.01   0.10   0.10   0.10   0.10   0.10   0.10   0.10   0.20   0.20   0.20   0.20   0.20   0.20   0.20   0.20   0.20   0.20   0.20   0.20   0.20   0.20   0.20   0.20   0.20   0.20   0.20   0.20   0.20   0.20   0.20   0.20   0.20   0.20   0.20   0.20   0.15   0.15   0.15   0.15   0.15   0.15   0.20   0.20   0.15   0.15   0.15   0.15   0.20   0.20   0.20   0.20   0.20   0.20   0.20   0.20   0.20   0.20   0.20   0.20   0.20   0.20   0.20   0.20   0.20   0.20   0.20   0.20   0.20   0.20   0.15   0.10   0.10   0.01   0.01   0.01   0.01
  0.01   0.01   0.01   0.01   0.01   0.10   0.10   0.10   0.10   0.10   0.10   0.20   0.20   0.20   0.20   0.20   0.20   0.20   0.20   0.20   0.20   0.20   0.20   0.20   0.20   0.20   0.20   0.20   0.20   0.20   0.20   0.20   0.20   0.20   0.20   0.20   0.20   0.20   0.20   0.20   0.15   0.15   0.15   0.15   0.15   0.15   0.20   0.20   0.15   0.15   0.15   0.15   0.20   0.20   0.20   0.20   0.20   0.20   0.20   0.20   0.20   0.20   0.20   0.20   0.20   0.20   0.20   0.20   0.20   0.20   0.20   0.20   0.20   0.20   0.20   0.10   0.10   0.01   0.01   0.01   0.01
  0.01   0.01   0.01   0.01   0.10   0.10   0.10   0.10   0.10   0.10   0.20   0.20   0.20   0.20   0.20   0.20   0.20   0.20   0.20   0.20   0.20   0.20   0.20   0.20   0.20   0.20   0.20   0.20   0.20   0.20   0.20   0.20   0.20   0.20   0.20   0.20   0.20   0.20   0.20   0.20   0.15   0.15   0.15   0.15   0.15   0.15   0.20   0.20   0.15   0.15   0.15   0.15   0.15   0.10   0.10   0.10   0.10   0.10   0.10   0.15   0.20   0.20   0.20   0.20   0.20   0.20   0.20   0.20   0.20   0.20   0.20   0.20   0.20   0.20   0.20   0.10   0.10   0.10   0.01   0.01   0.01
  0.01   0.01   0.01   0.01   0.10   0.10   0.10   0.10   0.10   0.20   0.20   0.20   0.20   0.20   0.20   0.20   0.20   0.10   0.10   0.10   0.10   0.10   0.15   0.15   0.15   0.15   0.15   0.15   0.15   0.15   0.15   0.15   0.20   0.20   0.20   0.20   0.20   0.20   0.20   0.15   0.10   0.10   0.10   0.10   0.10   0.10   0.20   0.20   0.15   0.15   0.15   0.15   0.15   0.10   0.10   0.10   0.10   0.10   0.10   0.15   0.15   0.15   0.20   0.20   0.20   0.20   0.20   0.20   0.20   0.20   0.20   0.20   0.20   0.20   0.20   0.10   0.10   0.10   0.10   0.01   0.01
  0.01   0.01   0.01   0.10   0.10   0.10   0.10   0.10   0.10   0.20   0.20   0.20   0.20   0.10   0.10   0.10   0.10   0.10   0.10   0.10   0.10   0.10   0.15   0.15   0.15   0.15   0.15   0.15   0.15   0.15   0.15   0.15   0.20   0.20   0.20   0.20   0.20   0.20   0.20   0.15   0.10   0.10   0.10   0.10   0.10   0.10   0.20   0.20   0.15   0.15   0.15   0.15   0.15   0.10   0.10   0.10   0.10   0.10   0.10   0.15   0.15   0.15   0.20   0.20   0.20   0.20   0.20   0.20   0.20   0.20   0.20   0.20   0.20   0.20   0.20   0.20   0.20   0.10   0.10   0.01   0.01
  0.01   0.01   0.01   0.10   0.10   0.10   0.10   0.10   0.10   0.20   0.20   0.20   0.10   0.10   0.10   0.10   0.10   0.10   0.10   0.10   0.10   0.10   0.15   0.15   0.15   0.15   0.15   0.15   0.15   0.15   0.15   0.15   0.20   0.20   0.20   0.20   0.20   0.20   0.20   0.15   0.10   0.10   0.10   0.10   0.10   0.10   0.20   0.20   0.15   0.15   0.10   0.10   0.10   0.10   0.10   0.10   0.10   0.10   0.10   0.15   0.15   0.20   0.20   0.20   0.20   0.20   0.20   0.15   0.15   0.15   0.15   0.20   0.20   0.20   0.20   0.20   0.20   0.20   0.20   0.20   0.01
  0.01   0.01   0.10   0.10   0.10   0.10   0.10   0.10   0.20   0.20   0.20   0.20   0.10   0.10   0.10   0.10   0.10   0.10   0.10   0.10   0.10   0.10   0.15   0.15   0.15   0.15   0.15   0.15   0.15   0.15   0.15   0.15   0.20   0.20   0.20   0.20   0.20   0.20   0.20   0.15   0.10   0.10   0.10   0.10   0.10   0.10   0.20   0.20   0.15   0.15   0.10   0.10   0.10   0.10   0.10   0.10   0.10   0.10   0.10   0.15   0.15   0.20   0.20   0.20   0.15   0.15   0.15   0.15   0.15   0.15   0.15   0.20   0.20   0.20   0.20   0.20   0.20   0.20   0.20   0.20   0.01
  0.01   0.10   0.10   0.10   0.10   0.10   0.10   0.15   0.20   0.20   0.20   0.20   0.10   0.10   0.10   0.10   0.10   0.10   0.10   0.10   0.10   0.10   0.10   0.15   0.15   0.15   0.15   0.15   0.15   0.15   0.15   0.15   0.20   0.20   0.20   0.20   0.20   0.20   0.20   0.20   0.10   0.10   0.10   0.10   0.10   0.10   0.20   0.20   0.15   0.15   0.10   0.10   0.10   0.10   0.10   0.10   0.10   0.10   0.10   0.15   0.15   0.20   0.20   0.20   0.15   0.15   0.15   0.15   0.15   0.15   0.15   0.20   0.20   0.20   0.20   0.20   0.20   0.20   0.20   0.20   0.01
  0.01   0.10   0.10   0.10   0.15   0.15   0.20   0.20   0.20   0.10   0.10   0.10   0.10   0.10   0.10   0.10   0.10   0.10   0.10   0.10   0.10   0.10   0.10   0.15   0.15   0.15   0.15   0.15   0.15   0.15   0.15   0.15   0.20   0.20   0.20   0.20   0.20   0.20   0.20   0.20   0.10   0.10   0.10   0.10   0.10   0.10   0.20   0.20   0.20   0.15   0.10   0.10   0.10   0.10   0.10   0.10   0.10   0.10   0.10   0.15   0.15   0.15   0.20   0.20   0.15   0.15   0.15   0.15   0.15   0.15   0.15   0.20   0.20   0.20   0.20   0.20   0.20   0.20   0.01   0.01   0.01
  0.10   0.10   0.10   0.10   0.15   0.15   0.15   0.10   0.10   0.10   0.10   0.10   0.10   0.10   0.10   0.10   0.10   0.10   0.10   0.10   0.10   0.10   0.10   0.10   0.15   0.15   0.15   0.15   0.15   0.15   0.15   0.15   0.20   0.20   0.20   0.20   0.20   0.20   0.20   0.20   0.10   0.10   0.10   0.10   0.10   0.10   0.10   0.20   0.20   0.15   0.10   0.10   0.10   0.10   0.10   0.10   0.10   0.10   0.10   0.15   0.15   0.15   0.20   0.20   0.15   0.15   0.15   0.15   0.15   0.15   0.15   0.20   0.20   0.20   0.20   0.20   0.20   0.20   0.01   0.01   0.01
  0.01   0.10   0.10   0.10   0.10   0.10   0.10   0.10   0.10   0.10   0.10   0.10   0.10   0.10   0.10   0.10   0.10   0.10   0.10   0.10   0.10   0.10   0.10   0.10   0.15   0.15   0.15   0.15   0.15   0.15   0.15   0.15   0.20   0.20   0.20   0.20   0.20   0.20   0.20   0.15   0.10   0.10   0.10   0.10   0.10   0.10   0.10   0.20   0.20   0.20   0.10   0.10   0.10   0.10   0.10   0.10   0.10   0.10   0.10   0.15   0.15   0.15   0.20   0.20   0.15   0.15   0.15   0.15   0.15   0.15   0.15   0.20   0.20   0.20   0.20   0.15   0.20   0.01   0.01   0.01   0.01
  0.01   0.01   0.10   0.10   0.10   0.10   0.10   0.10   0.10   0.10   0.10   0.10   0.10   0.10   0.10   0.10   0.10   0.10   0.10   0.10   0.10   0.10   0.10   0.10   0.10   0.10   0.15   0.15   0.15   0.15   0.15   0.15   0.20   0.20   0.20   0.20   0.20   0.20   0.20   0.15   0.10   0.10   0.10   0.10   0.10   0.10   0.10   0.20   0.20   0.20   0.10   0.10   0.10   0.10   0.10   0.10   0.10   0.10   0.10   0.15   0.15   0.15   0.20   0.20   0.15   0.15   0.15   0.15   0.15   0.15   0.20   0.20   0.20   0.20   0.20   0.15   0.20   0.01   0.01   0.01   0.01
  0.01   0.01   0.01   0.10   0.10   0.10   0.10   0.10   0.10   0.10   0.10   0.10   0.10   0.10   0.10   0.10   0.10   0.10   0.10   0.10   0.10   0.10   0.10   0.10   0.10   0.10   0.10   0.15   0.15   0.15   0.15   0.15   0.20   0.20   0.20   0.20   0.20   0.20   0.20   0.15   0.10   0.10   0.10   0.10   0.10   0.10   0.10   0.20   0.20   0.20   0.10   0.10   0.10   0.10   0.10   0.10   0.10   0.10   0.10   0.15   0.15   0.15   0.20   0.20   0.15   0.15   0.15   0.15   0.15   0.15   0.20   0.20   0.20   0.20   0.15   0.15   0.20   0.01   0.01   0.01   0.01
  0.01   0.01   0.01   0.01   0.01   0.01   0.01   0.10   0.10   0.10   0.10   0.10   0.10   0.01   0.10   0.10   0.10   0.10   0.10   0.10   0.10   0.10   0.10   0.10   0.10   0.10   0.10   0.10   0.10   0.10   0.15   0.15   0.20   0.20   0.20   0.20   0.20   0.20   0.20   0.15   0.10   0.10   0.10   0.10   0.10   0.10   0.10   0.10   0.20   0.20   0.10   0.10   0.10   0.10   0.10   0.10   0.10   0.10   0.10   0.15   0.15   0.15   0.20   0.20   0.15   0.15   0.15   0.15   0.15   0.15   0.20   0.20   0.20   0.20   0.15   0.15   0.01   0.01   0.01   0.01   0.01
  0.01   0.01   0.01   0.01   0.01   0.01   0.01   0.01   0.01   0.01   0.01   0.01   0.01   0.01   0.01   0.10   0.10   0.10   0.10   0.10   0.10   0.10   0.10   0.10   0.10   0.10   0.10   0.10   0.10   0.10   0.15   0.20   0.20   0.20   0.20   0.20   0.20   0.20   0.15   0.15   0.10   0.10   0.10   0.10   0.10   0.10   0.10   0.10   0.20   0.20   0.10   0.10   0.10   0.10   0.10   0.10   0.10   0.10   0.10   0.15   0.20   0.20   0.20   0.20   0.15   0.15   0.15   0.15   0.15   0.15   0.20   0.20   0.20   0.20   0.15   0.15   0.01   0.01   0.01   0.01   0.01
  0.01   0.01   0.01   0.01   0.01   0.01   0.01   0.01   0.01   0.01   0.01   0.01   0.01   0.01   0.01   0.01   0.01   0.10   0.10   0.10   0.10   0.10   0.10   0.10   0.10   0.10   0.10   0.10   0.10   0.10   0.15   0.20   0.20   0.20   0.20   0.20   0.20   0.20   0.15   0.15   0.10   0.10   0.10   0.10   0.10   0.10   0.10   0.10   0.20   0.20   0.10   0.10   0.10   0.10   0.10   0.10   0.10   0.10   0.10   0.15   0.20   0.20   0.20   0.20   0.15   0.15   0.15   0.15   0.15   0.15   0.20   0.20   0.20   0.20   0.15   0.15   0.01   0.01   0.01   0.01   0.01
  0.01   0.01   0.01   0.01   0.01   0.01   0.01   0.01   0.01   0.01   0.01   0.01   0.01   0.01   0.01   0.01   0.01   0.10   0.10   0.10   0.10   0.10   0.10   0.10   0.10   0.10   0.10   0.10   0.10   0.10   0.15   0.20   0.20   0.20   0.20   0.20   0.20   0.20   0.15   0.15   0.10   0.10   0.10   0.10   0.10   0.10   0.10   0.10   0.20   0.20   0.10   0.10   0.10   0.10   0.10   0.10   0.10   0.10   0.10   0.15   0.20   0.20   0.20   0.20   0.15   0.15   0.15   0.15   0.15   0.20   0.20   0.20   0.20   0.20   0.15   0.15   0.01   0.01   0.01   0.01   0.01
  0.01   0.01   0.01   0.01   0.01   0.01   0.01   0.01   0.01   0.01   0.01   0.01   0.01   0.01   0.01   0.01   0.01   0.01   0.10   0.10   0.10   0.10   0.10   0.10   0.10   0.10   0.10   0.10   0.10   0.10   0.15   0.20   0.20   0.20   0.20   0.20   0.20   0.20   0.15   0.10   0.10   0.10   0.10   0.10   0.10   0.10   0.10   0.10   0.20   0.20   0.10   0.10   0.10   0.10   0.10   0.10   0.10   0.10   0.10   0.15   0.20   0.20   0.20   0.15   0.15   0.15   0.15   0.15   0.15   0.20   0.20   0.20   0.20   0.20   0.15   0.15   0.01   0.01   0.01   0.01   0.01
  0.01   0.01   0.01   0.01   0.01   0.01   0.01   0.01   0.01   0.01   0.01   0.01   0.01   0.01   0.01   0.01   0.01   0.01   0.01   0.01   0.01   0.10   0.10   0.10   0.10   0.10   0.10   0.10   0.10   0.10   0.15   0.20   0.20   0.20   0.20   0.20   0.20   0.20   0.15   0.10   0.10   0.10   0.10   0.10   0.10   0.10   0.10   0.10   0.20   0.20   0.15   0.10   0.10   0.10   0.10   0.10   0.10   0.10   0.10   0.15   0.20   0.20   0.20   0.15   0.15   0.15   0.15   0.15   0.15   0.20   0.20   0.20   0.20   0.20   0.15   0.15   0.01   0.01   0.01   0.01   0.01
  0.01   0.01   0.01   0.01   0.01   0.01   0.01   0.01   0.01   0.01   0.01   0.01   0.01   0.01   0.01   0.01   0.01   0.01   0.01   0.01   0.01   0.01   0.10   0.10   0.10   0.10   0.10   0.10   0.10   0.10   0.15   0.20   0.20   0.20   0.20   0.20   0.20   0.20   0.15   0.10   0.10   0.10   0.10   0.10   0.10   0.10   0.10   0.10   0.10   0.20   0.15   0.10   0.10   0.10   0.10   0.10   0.10   0.10   0.10   0.15   0.20   0.20   0.15   0.15   0.10   0.10   0.15   0.15   0.15   0.20   0.20   0.20   0.20   0.20   0.15   0.15   0.01   0.01   0.01   0.01   0.01
  0.01   0.01   0.01   0.01   0.01   0.01   0.01   0.01   0.01   0.01   0.01   0.01   0.01   0.01   0.01   0.01   0.01   0.01   0.01   0.01   0.01   0.01   0.01   0.10   0.10   0.10   0.10   0.10   0.10   0.10   0.10   0.20   0.20   0.20   0.20   0.20   0.20   0.20   0.15   0.10   0.10   0.10   0.10   0.10   0.10   0.10   0.10   0.10   0.10   0.20   0.15   0.10   0.10   0.10   0.10   0.10   0.10   0.10   0.10   0.15   0.20   0.15   0.15   0.15   0.10   0.10   0.10   0.15   0.15   0.20   0.20   0.20   0.20   0.20   0.15   0.15   0.01   0.01   0.01   0.01   0.01
  0.01   0.01   0.01   0.01   0.01   0.01   0.01   0.01   0.01   0.01   0.01   0.01   0.01   0.01   0.01   0.01   0.01   0.01   0.01   0.01   0.01   0.01   0.01   0.01   0.01   0.01   0.01   0.01   0.01   0.10   0.10   0.20   0.20   0.20   0.20   0.20   0.20   0.20   0.15   0.10   0.10   0.10   0.10   0.10   0.10   0.10   0.10   0.10   0.10   0.20   0.20   0.10   0.10   0.10   0.10   0.10   0.10   0.10   0.10   0.15   0.15   0.15   0.15   0.15   0.10   0.10   0.10   0.15   0.15   0.20   0.20   0.20   0.20   0.20   0.15   0.15   0.01   0.01   0.01   0.01   0.01
  0.01   0.01   0.01   0.01   0.01   0.01   0.01   0.01   0.01   0.01   0.01   0.01   0.01   0.01   0.01   0.01   0.01   0.01   0.01   0.01   0.01   0.01   0.01   0.01   0.01   0.01   0.01   0.01   0.01   0.01   0.01   0.15   0.20   0.20   0.20   0.20   0.20   0.20   0.10   0.10   0.10   0.10   0.10   0.10   0.10   0.10   0.10   0.10   0.10   0.10   0.15   0.10   0.10   0.10   0.10   0.10   0.10   0.10   0.15   0.15   0.15   0.10   0.10   0.10   0.10   0.10   0.10   0.15   0.20   0.20   0.20   0.20   0.15   0.15   0.15   0.15   0.01   0.01   0.01   0.01   0.01
  0.01   0.01   0.01   0.01   0.01   0.01   0.01   0.01   0.01   0.01   0.01   0.01   0.01   0.01   0.01   0.01   0.01   0.01   0.01   0.01   0.01   0.01   0.01   0.01   0.01   0.01   0.01   0.01   0.01   0.01   0.01   0.01   0.15   0.15   0.15   0.15   0.15   0.15   0.10   0.10   0.10   0.10   0.10   0.10   0.10   0.10   0.10   0.10   0.10   0.10   0.15   0.10   0.10   0.10   0.10   0.10   0.10   0.10   0.10   0.10   0.10   0.10   0.10   0.10   0.10   0.10   0.10   0.15   0.20   0.15   0.20   0.20   0.15   0.15   0.15   0.15   0.01   0.01   0.01   0.01   0.01
  0.01   0.01   0.01   0.01   0.01   0.01   0.01   0.01   0.01   0.01   0.01   0.01   0.01   0.01   0.01   0.01   0.01   0.01   0.01   0.01   0.01   0.01   0.01   0.01   0.01   0.01   0.01   0.01   0.01   0.01   0.01   0.01   0.01   0.15   0.15   0.01   0.01   0.01   0.01   0.01   0.01   0.01   0.01   0.01   0.01   0.01   0.10   0.10   0.10   0.10   0.15   0.15   0.10   0.10   0.10   0.10   0.10   0.10   0.10   0.10   0.10   0.10   0.10   0.10   0.10   0.10   0.15   0.20   0.20   0.15   0.15   0.15   0.15   0.15   0.15   0.15   0.01   0.01   0.01   0.01   0.01
  0.01   0.01   0.01   0.01   0.01   0.01   0.01   0.01   0.01   0.01   0.01   0.01   0.01   0.01   0.01   0.01   0.01   0.01   0.01   0.01   0.01   0.01   0.01   0.01   0.01   0.01   0.01   0.01   0.01   0.01   0.01   0.01   0.01   0.01   0.01   0.01   0.01   0.01   0.01   0.01   0.01   0.01   0.01   0.01   0.01   0.01   0.10   0.10   0.10   0.10   0.15   0.15   0.15   0.10   0.10   0.10   0.10   0.10   0.10   0.10   0.10   0.10   0.10   0.10   0.10   0.10   0.15   0.20   0.20   0.15   0.15   0.15   0.15   0.15   0.15   0.15   0.01   0.01   0.01   0.01   0.01
  0.01   0.01   0.01   0.01   0.01   0.01   0.01   0.01   0.01   0.01   0.01   0.01   0.01   0.01   0.01   0.01   0.01   0.01   0.01   0.01   0.01   0.01   0.01   0.01   0.01   0.01   0.01   0.01   0.01   0.01   0.01   0.01   0.01   0.01   0.01   0.01   0.01   0.01   0.01   0.01   0.01   0.01   0.01   0.01   0.01   0.01   0.10   0.10   0.10   0.10   0.10   0.15   0.15   0.10   0.10   0.10   0.10   0.10   0.10   0.10   0.10   0.10   0.10   0.10   0.10   0.10   0.15   0.20   0.15   0.15   0.15   0.15   0.15   0.15   0.15   0.15   0.01   0.01   0.01   0.01   0.01
  0.01   0.01   0.01   0.01   0.01   0.01   0.01   0.01   0.01   0.01   0.01   0.01   0.01   0.01   0.01   0.01   0.01   0.01   0.01   0.01   0.01   0.01   0.01   0.01   0.01   0.01   0.01   0.01   0.01   0.01   0.01   0.01   0.01   0.01   0.01   0.01   0.01   0.01   0.01   0.01   0.01   0.01   0.01   0.01   0.01   0.01   0.01   0.01   0.10   0.10   0.10   0.15   0.15   0.10   0.10   0.10   0.10   0.10   0.10   0.10   0.10   0.10   0.10   0.10   0.10   0.15   0.15   0.15   0.15   0.15   0.15   0.15   0.15   0.15   0.15   0.15   0.01   0.01   0.01   0.01   0.01
  0.01   0.01   0.01   0.01   0.01   0.01   0.01   0.01   0.01   0.01   0.01   0.01   0.01   0.01   0.01   0.01   0.01   0.01   0.01   0.01   0.01   0.01   0.01   0.01   0.01   0.01   0.01   0.01   0.01   0.01   0.01   0.01   0.01   0.01   0.01   0.01   0.01   0.01   0.01   0.01   0.01   0.01   0.01   0.01   0.01   0.01   0.01   0.01   0.01   0.10   0.10   0.15   0.15   0.10   0.10   0.10   0.10   0.10   0.10   0.10   0.10   0.10   0.10   0.10   0.10   0.15   0.15   0.15   0.15   0.15   0.15   0.15   0.15   0.15   0.15   0.10   0.01   0.01   0.01   0.01   0.01
  0.01   0.01   0.01   0.01   0.01   0.01   0.01   0.01   0.01   0.01   0.01   0.01   0.01   0.01   0.01   0.01   0.01   0.01   0.01   0.01   0.01   0.01   0.01   0.01   0.01   0.01   0.01   0.01   0.01   0.01   0.01   0.01   0.01   0.01   0.01   0.01   0.01   0.01   0.01   0.01   0.01   0.01   0.01   0.01   0.01   0.01   0.01   0.01   0.01   0.10   0.10   0.15   0.15   0.10   0.10   0.10   0.10   0.10   0.10   0.10   0.10   0.10   0.10   0.10   0.10   0.15   0.15   0.15   0.15   0.15   0.15   0.15   0.15   0.15   0.10   0.10   0.01   0.01   0.01   0.01   0.01
  0.01   0.01   0.01   0.01   0.01   0.01   0.01   0.01   0.01   0.01   0.01   0.01   0.01   0.01   0.01   0.01   0.01   0.01   0.01   0.01   0.01   0.01   0.01   0.01   0.01   0.01   0.01   0.01   0.01   0.01   0.01   0.01   0.01   0.01   0.01   0.01   0.01   0.01   0.01   0.01   0.01   0.01   0.01   0.01   0.01   0.01   0.01   0.01   0.01   0.01   0.10   0.10   0.10   0.10   0.10   0.10   0.10   0.10   0.10   0.10   0.10   0.10   0.10   0.10   0.10   0.15   0.15   0.15   0.15   0.15   0.15   0.15   0.15   0.15   0.10   0.10   0.01   0.01   0.01   0.01   0.01
  0.01   0.01   0.01   0.01   0.01   0.01   0.01   0.01   0.01   0.01   0.01   0.01   0.01   0.01   0.01   0.01   0.01   0.01   0.01   0.01   0.01   0.01   0.01   0.01   0.01   0.01   0.01   0.01   0.01   0.01   0.01   0.01   0.01   0.01   0.01   0.01   0.01   0.01   0.01   0.01   0.01   0.01   0.01   0.01   0.01   0.01   0.01   0.01   0.01   0.01   0.01   0.01   0.01   0.01   0.01   0.01   0.10   0.10   0.10   0.10   0.10   0.10   0.10   0.10   0.15   0.15   0.15   0.15   0.15   0.15   0.15   0.15   0.15   0.15   0.10   0.10   0.01   0.01   0.01   0.01   0.01
  0.01   0.01   0.01   0.01   0.01   0.01   0.01   0.01   0.01   0.01   0.01   0.01   0.01   0.01   0.01   0.01   0.01   0.01   0.01   0.01   0.01   0.01   0.01   0.01   0.01   0.01   0.01   0.01   0.01   0.01   0.01   0.01   0.01   0.01   0.01   0.01   0.01   0.01   0.01   0.01   0.01   0.01   0.01   0.01   0.01   0.01   0.01   0.01   0.01   0.01   0.01   0.01   0.01   0.01   0.01   0.01   0.10   0.10   0.10   0.10   0.10   0.10   0.10   0.15   0.15   0.15   0.15   0.15   0.15   0.15   0.15   0.15   0.15   0.15   0.10   0.01   0.01   0.01   0.01   0.01   0.01
  0.01   0.01   0.01   0.01   0.01   0.01   0.01   0.01   0.01   0.01   0.01   0.01   0.01   0.01   0.01   0.01   0.01   0.01   0.01   0.01   0.01   0.01   0.01   0.01   0.01   0.01   0.01   0.01   0.01   0.01   0.01   0.01   0.01   0.01   0.01   0.01   0.01   0.01   0.01   0.01   0.01   0.01   0.01   0.01   0.01   0.01   0.01   0.01   0.01   0.01   0.01   0.01   0.01   0.01   0.01   0.01   0.01   0.10   0.10   0.10   0.10   0.10   0.10   0.01   0.01   0.01   0.01   0.01   0.01   0.01   0.01   0.01   0.01   0.01   0.10   0.01   0.01   0.01   0.01   0.01   0.01
  0.01   0.01   0.01   0.01   0.01   0.01   0.01   0.01   0.01   0.01   0.01   0.01   0.01   0.01   0.01   0.01   0.01   0.01   0.01   0.01   0.01   0.01   0.01   0.01   0.01   0.01   0.01   0.01   0.01   0.01   0.01   0.01   0.01   0.01   0.01   0.01   0.01   0.01   0.01   0.01   0.01   0.01   0.01   0.01   0.01   0.01   0.01   0.01   0.01   0.01   0.01   0.01   0.01   0.01   0.01   0.01   0.01   0.01   0.10   0.10   0.10   0.10   0.01   0.01   0.01   0.01   0.01   0.01   0.01   0.01   0.01   0.01   0.01   0.01   0.01   0.01   0.01   0.01   0.01   0.01   0.01
  0.01   0.01   0.01   0.01   0.01   0.01   0.01   0.01   0.01   0.01   0.01   0.01   0.01   0.01   0.01   0.01   0.01   0.01   0.01   0.01   0.01   0.01   0.01   0.01   0.01   0.01   0.01   0.01   0.01   0.01   0.01   0.01   0.01   0.01   0.01   0.01   0.01   0.01   0.01   0.01   0.01   0.01   0.01   0.01   0.01   0.01   0.01   0.01   0.01   0.01   0.01   0.01   0.01   0.01   0.01   0.01   0.01   0.01   0.10   0.10   0.10   0.01   0.01   0.01   0.01   0.01   0.01   0.01   0.01   0.01   0.01   0.01   0.01   0.01   0.01   0.01   0.01   0.01   0.01   0.01   0.01
